404968732
1796551959
2588432413
1968949280
889120098
416885036
2560645221
1778300710
1902289213
1903279640
1072635744
1765877271
876335941
1097497800
2082725004
127108879
37005494
1716736932
1850683564
37748837
702995840
1847446854
1817320410
20647525
882338269
1869690972
1103188850
1677101139
466098420
1994256139
1051011293
1072973639
1072507124
1832800482
718702162
1738123425
199314414
1582738861
1882554097
439242901
1722168652
626230892
82847967
909800419
746964857
1085934055
1866822655
546207051
78578688
380884536
1084420009
1899845763
1859653264
351916051
144427807
51828515
1646699577
1797690357
1917126244
522534388
1763574178
107636016
1736563001
731372917
359930280
1891132294
1932854090
1830208204
1772467994
182124956
787557947
2395871035
1824371009
1033160151
1946077719
1944383509
673515636
899309654
348075266
1120709702
2425617762
1913797911
1904229646
881581023
2579847795
27115412
1903212414
1104805772
1893267334
849057933
1840730563
1911750597
930256206
129319087
1576566535
1743765284
499873905
180799066
460577576
1587306649
2167699269
2504805576
1756870586
1830465490
1070877094
1820844933
1850171790
409584599
654165414
2284684005
482766244
35490975
2074381025
645702795
2097066695
2069912648
75903441
1592380584
1717877780
538103208
115209978
1853507967
795193897
713735197
85716969
299694149
203936609
1948883039
2050980808
1683998601
1853647414
875434864
1675897101
2169426863
2186125201
1692917040
2384004183
2043161828
16698920
593127473
2049157460
43572435
2115562797
35616715
2215227456
2036761458
1830228303
780077270
2115750683
2101154028
1889252826
2625328013
1979686574
415362929
175034135
693319757
11380727
1750793293
83494427
1840673515
2046409206
1932912459
841265475
293033967
2140587950
1974945875
506044139
1835972815
1980564789
1909402661
1933331743
833828968
266914747
1944392113
1981904099
67406220
2019088551
60401382
1770667286
1952462965
1970781910
745557079
696840790
107373092
832974385
591770400
99326452
2340545996
2280279026
1977295993
173318664
2363162068
424186635
831356397
802687292
2118042978
155071884
367053580
858472459
1986152806
89051022
1891144632
408929103
407959322
1966057345
320955258
678205461
375366792
172165540
874182091
160205575
1028358846
1991775994
2029263445
2130046399
1875666431
1977385247
2454021808
394334817
56321871
88899268
261574534
1984598943
346761511
21274909
73747545
2215914768
2006977599
2417526631
1915638547
671002383
2327724521
745431656
2354082432
2565538198
2145468965
381647165
1612033870
35498206
828200326
674223902
878437551
1114478402
74899249
2575861351
2658269830
2609887391
2633364160
2635279201
380436521
78022343
1987499741
642910327
706778912
35411581
2513747439
2465826669
663434900
2461861833
2377843074
772562095
2358195846
2013126607
1993724852
1764812110
1703920800
1014024755
558893385
380545342
321422049
280615580
16451930
376809944
430481745
644767333
684371877
720505309
808170179
810742417
830593403
859150470
1034842039
1056380316
1124019936
1136977394
1590338577
1754309891
1901510022
1944348481
2019247426
2039296407
2149252913
2221671436
2273085264
2311850719
2508869959
2521250398
2589954039
2623814350
2692908472
2730673305
2734342770
2738529608
2751012468
2752419884
2772090978
2776766178
2782854839
2835056089
2839651017
2861237054
837700918
2536908852
842835536
2914119639
2884975483
127108537
2465259845
2894934737
58107644
2833853187
2712653478
2782009050
1949121906
2079350774
256345687
2019781857
2897268970
2186130183
2200660110
425798832
1973936439
2900389179
1042253961
2122007910
759904238
2176329773
2854659510
263383681
2178212474
2368290057
2904866132
405180398
1843846078
2889789319
303155318
203853548
542762191
2191715812
789423716
2888218147
2485635189
822564716
2624812977
341084268
2807757782
1914993532
2773539326
1688259559
2488600971
2885293318
2587340402
164957348